87 220 325 9
0 1470.5349 931.13 432.6058 1313.1905 1631.5033 543.151 959.4921 994.9688 1273.3412 1203.7708 1241.4232 1328.8668 1415.4396 1394.2436 1401.8855 943.9148 1392.758 1300.7564 2147.7572 1247.1104 648.1762 743.126 475.8805 1240.0137 1024.4748 2681.8721 1099.7429 1236.5232 1151.4347 1420.6702 1041.2639 442.5313 1770.6135 747.3393 843.4034 2081.9509 2587.8383 1060.5529 2325.2099 1065.6474 2186.5841 2357.0454 1306.7053 1100.089 1100.9686 1590.2266 464.8691 1067.1834 1490.1653 785.2434 434.0906 1279.3298 1124.1042 1312.6118 1599.1212 1419.4668 350.6354 1152.7374 1790.8757 2522.5182 815.8935 1320.9659 1190.9776 1212.2635 1163.0614 1163.0614 2458.1122 2687.2207 1018.8349 967.6216 1321.0081 1077.4975 1096.6924 863.4558 1096.6924 635.3045 1186.6366 1855.8005 1005.9397 1058.7237 1471.5758 1385.4204 1271.2916 971.4461 2192.0074 2175.548
1470.5349 0 1643.4053 1493.0608 2235.0492 853.8853 1967.545 2166.4664 2419.3628 398.1648 617.9392 490.0393 397.9402 335.0848 2818.6376 2389.8132 1865.7734 183.8469 2504.728 1246.411 424.3955 1619.9108 1649.7165 1396.8476 2664.4077 2448.8688 1701.0341 2524.1368 436.5096 2575.8286 2845.0641 2406.1888 1867.6793 875.7983 1053.9144 988.9946 671.7677 1280.9623 655.4733 917.9343 902.2732 779.3085 970.4151 437.9383 862.6113 814.5622 137.3035 1070.156 607.9569 696.7608 1666.3706 1858.4845 2507.2 1331.6069 2234.4705 2520.9798 2372.2319 1144.7028 2577.1313 1013.2577 1459.4355 1390.4188 2745.3599 2615.3715 2134.1221 2210.4107 2210.4107 1047.9291 1277.0375 2443.2288 2392.0156 735.1765 1087.8057 1306.8824 1311.9172 1306.8824 1044.0408 386.623 2637.8237 1928.98 2185.3211 147.6647 454.4938 355.9569 706.4976 1035.7804 1056.7213
931.13 1643.4053 0 1237.1181 717.226 2394.3722 1066.0959 1068.3458 1461.6898 1716.8674 1966.6397 1849.5143 1770.6286 1857.2328 1860.9646 1052.1424 511.8051 1459.5584 1167.0572 2828.1306 1743.0981 282.9538 312.0456 476.8597 1706.7347 1491.1958 3282.7537 1565.3027 1678.5288 1618.1556 1887.3912 1308.0682 1206.8747 2457.5179 1550.3222 1646.3863 2194.2685 2803.4631 987.932 2440.4351 741.1321 2301.8093 2492.9159 1897.0628 780.794 1014.4047 1659.8043 906.8746 1840.3087 2253.0342 1589.7556 957.0355 1409.0794 431.9952 880.5022 1167.0115 1034.561 844.813 1675.6823 2553.7446 3041.1551 1620.4057 1787.6869 1657.6986 742.5774 872.7399 872.7399 2474.7492 2700.5413 1378.1575 1385.4576 2083.877 1856.6437 1899.6753 1666.4387 1899.6753 1344.8 1628.6422 994.4183 591.3092 847.6502 1729.3843 1827.1823 1529.1001 1421.9347 2617.5 2638.4409
432.6058 1493.0608 1237.1181 0 1743.8238 1234.0731 841.9118 1391.8998 1416.2841 1102.5438 983.1056 1066.9915 1186.0733 1241.0078 1557.931 1834.2932 1374.5481 1425.2921 1733.164 1930.9268 1076.313 1080.5839 1158.2796 837.6715 1661.329 1445.7901 2465.0417 1532.1506 1156.3244 1572.75 1730.9129 1473.6716 374.6185 1553.7832 439.1465 535.2106 1981.8971 2402.0816 1093.087 2202.7769 1132.1203 2064.1512 2171.2886 1132.2735 1132.6231 1133.5027 1582.1059 531.342 894.704 1313.0295 352.6375 558.3835 1711.7375 1252.15 1743.2451 2029.7545 1851.8745 392.3051 1324.2038 1408.7099 2336.7614 383.2876 1631.2087 1612.2929 1642.8968 1595.4691 1595.4691 2358.0584 2587.1669 1451.2426 1400.0293 1100.343 849.3738 711.1371 479.7299 711.1371 532.4037 1106.4378 2231.5364 1437.5431 1491.1313 1402.0365 1305.2216 1303.8257 857.358 2006.2507 1989.7912
1313.1905 2235.0492 717.226 1743.8238 0 2901.078 1124.8768 495.3615 901.7353 2223.5731 2473.3454 2356.2201 2277.3344 2363.9386 1295.2216 435.6723 369.2757 2157.2722 550.5872 3334.8364 2249.8039 681.401 586.4511 937.824 1140.9917 928.8724 3789.4594 1002.7776 2185.2345 1058.2012 1321.6482 735.0839 1588.9352 2964.2237 2057.028 2153.0921 2846.4651 3436.7616 1705.158 3089.7241 1458.3581 2951.0984 3126.2145 2403.7686 1498.0201 1731.6307 2354.7408 1413.5804 2347.0145 2759.74 2060.692 1339.096 836.095 1149.2213 261.5185 548.0279 418.091 1351.5187 1302.5611 3060.4504 3547.8608 2091.3421 1221.9439 1097.7441 224.5803 261.562 261.562 3191.9753 3417.7673 805.1732 812.4733 2590.5828 2363.3494 2406.381 2173.1445 2406.381 1851.5057 2135.3479 644.7659 307.9897 340.4223 2236.09 2333.888 2035.8058 1928.6405 3124.2057 3145.1466
1631.5033 853.8853 2394.3722 1234.0731 2901.078 0 1878.8587 2579.7478 2603.9733 677.5049 448.1315 557.4481 673.5491 586.9449 2594.8779 3023.1214 2531.8022 1019.9841 2921.9923 1039.8613 651.2741 2254.9882 2315.5338 1994.9257 2749.1078 2633.4793 1347.6137 2719.9985 834.1936 2760.4391 2767.8598 2661.5195 1345.4912 755.6517 965.2622 900.3424 1246.0299 1603.9501 1491.6106 1415.9975 1738.4105 1277.3717 1373.1572 622.7301 1698.7485 1650.6995 886.2901 1487.4976 564.32 577.1623 1126.7373 1595.3304 2899.5854 2167.7442 2900.4993 3187.0086 3038.0492 1588.3097 2361.1507 182.618 1533.1173 851.4418 2668.1556 2799.982 2800.151 2784.2973 2784.2973 1589.811 1815.9261 2639.0905 2587.8773 330.8942 562.0838 735.3676 783.581 735.3676 1074.0769 784.307 3388.7906 2594.7973 2679.9596 706.2207 797.2937 1040.3189 984.6751 1208.1192 1191.6597
543.151 1967.545 1066.0959 841.9118 1124.8768 1878.8587 0 738.2663 762.4918 1771.8718 1740.5785 1778.231 1825.8768 1912.481 958.9757 1185.8773 755.6011 1889.768 1084.7482 2684.5649 1783.9182 783.1421 839.3705 931.3779 1007.5367 791.9978 3218.6798 878.5171 1733.5332 918.9577 1131.9577 820.0381 533.3675 2307.4213 1274.0639 1370.128 2578.9609 3124.6461 1557.5629 2822.2199 1562.6575 2683.5942 2858.7103 1843.513 1597.099 1597.9786 2087.2366 961.8791 1603.9911 2026.9731 1006.6852 442.9024 1058.104 1498.0912 1124.2981 1393.8118 1203.4587 858.3547 669.4391 2053.4955 3059.3259 1037.3353 1032.2534 958.5006 1023.9498 959.3083 959.3083 2955.1223 3184.2307 797.6091 746.3958 1857.8159 1544.8329 1355.9227 1133.7776 1355.9227 1172.1122 1683.6466 1686.6469 817.626 854.9705 1968.5858 1882.4304 1768.3016 1476.9392 2707.6691 2712.3557
959.4921 2166.4664 1068.3458 1391.8998 495.3615 2579.7478 738.2663 0 473.9274 1970.7933 2163.2629 2103.4402 2024.7982 2111.4024 799.8601 467.2103 571.7873 2088.6894 358.7244 3107.2493 1997.024 790.4304 756.3002 977.8348 645.6302 433.511 3571.8443 507.4161 1932.4547 577.3093 826.2867 239.7224 1234.2565 2730.1056 1706.6333 1802.6974 2777.8824 3358.4346 1756.4844 3021.1414 1731.9163 2882.5156 3057.6318 2151.2324 1771.5782 1796.9001 2286.1581 1160.8006 2026.6755 2449.6575 1706.0133 984.4174 340.7336 1500.341 494.7828 675.1448 484.7917 1083.805 874.7532 2750.3678 3330.2457 1736.6634 726.5824 616.8522 507.6985 317.6482 317.6482 3154.0437 3383.1522 309.8118 317.1118 2280.5002 2036.9896 2055.9864 1822.7498 2055.9864 1594.7966 1882.5681 1140.1274 491.0143 234.6733 2167.5073 2081.3519 1967.2231 1675.8606 2906.5906 2927.5315
994.9688 2419.3628 1461.6898 1416.2841 901.7353 2603.9733 762.4918 473.9274 0 2223.6896 2197.5322 2235.1846 2277.6946 2364.2988 578.5991 653.4014 978.1612 2341.5858 538.4865 3141.5186 2240.8718 1178.736 1158.2236 1366.1403 424.3691 208.8302 3675.6335 295.6289 2185.351 335.7901 605.0256 286.6313 1258.482 2764.3749 1731.0176 1827.0817 3030.7787 3581.5997 2009.3807 3274.0377 2014.4752 3135.4119 3310.5281 2300.4667 2048.9168 2049.7964 2539.0544 1413.6969 2060.9448 2483.9267 1730.2388 1008.6429 475.2159 1893.685 901.1566 861.3359 670.9827 1310.1725 874.4185 2778.6101 3516.2796 1760.8889 505.3214 375.333 914.0723 724.022 724.022 3406.9401 3636.0485 214.7209 218.481 2314.7695 2071.2589 2080.3706 1847.1341 2080.3706 1629.0659 2135.4644 1407.2277 897.3881 641.0471 2420.4036 2334.2482 2220.1194 1928.757 3159.4869 3169.3094
1273.3412 398.1648 1716.8674 1102.5438 2223.5731 677.5049 1771.8718 1970.7933 2223.6896 0 249.7723 132.647 149.5725 236.1767 2622.9644 2378.1256 1854.2974 342.4793 2311.4673 1193.7587 26.2307 1577.4833 1638.0289 1317.4208 2468.7345 2253.1956 1700.818 2328.4637 156.6887 2380.1555 2649.391 2210.5157 1477.1622 816.6151 663.3973 598.4775 960.0409 1487.4083 814.1057 1191.8335 1060.9056 1053.2078 1200.6022 214.5347 1021.2437 973.1946 491.9095 809.9927 209.7922 536.1669 1275.8535 1660.9273 2311.5268 1490.2393 2222.9944 2509.5038 2360.5443 949.0296 2381.4582 836.8772 1459.2194 999.9017 2549.6867 2419.6984 2122.6461 2173.7724 2173.7724 1336.2023 1565.3107 2247.5557 2196.3424 367.0097 689.641 916.3654 921.4001 916.3654 692.7604 106.8021 2711.2857 1917.2924 2069.4347 311.84 210.3255 362.814 408.0998 1035.5642 1056.5052
1203.7708 617.9392 1966.6397 983.1056 2473.3454 448.1315 1740.5785 2163.2629 2197.5322 249.7723 0 135.2295 254.3113 309.2458 2541.0366 2605.6563 2104.0697 592.2516 2504.5271 992.4289 223.5416 1827.2556 1887.8012 1567.1931 2442.5771 2227.0382 1526.5438 2303.5136 406.461 2353.9981 2623.2336 2245.0347 1357.7241 615.2852 543.9592 479.0394 1043.3992 1463.5836 1063.878 1264.279 1310.6779 1125.6532 1232.7907 200.5115 1271.016 1222.967 650.344 1059.765 136.5874 374.5316 1156.4154 1541.4891 2483.1006 1740.0116 2472.7667 2759.2761 2610.3166 1160.5772 2307.3094 608.3761 1398.2635 880.4635 2523.5293 2393.541 2372.4184 2366.8322 2366.8322 1419.5605 1648.669 2222.6056 2171.3924 117.2373 570.2029 796.9272 801.962 796.9272 646.3443 356.5744 2961.058 2167.0648 2262.4944 470.2745 384.2825 612.5863 556.9425 1067.7527 1051.2933
1241.4232 490.0393 1849.5143 1066.9915 2356.2201 557.4481 1778.231 2103.4402 2235.1846 132.647 135.2295 0 119.0818 174.0163 2624.9224 2510.7726 1986.9443 475.1262 2444.1143 1063.6325 106.4162 1710.1302 1770.6759 1450.0678 2480.2296 2264.6907 1597.7474 2341.1661 289.3357 2391.6505 2660.886 2282.6871 1441.6099 686.4889 627.845 562.9252 990.5755 1503.7137 946.7527 1222.3682 1193.5526 1083.7424 1231.1368 81.8877 1153.8906 1105.8416 522.4441 942.6397 174.2399 406.0407 1240.3012 1625.375 2444.1738 1622.8863 2355.6414 2642.1507 2493.1912 1081.6766 2387.8174 716.8205 1438.3935 964.3494 2561.1818 2431.1934 2255.293 2306.4193 2306.4193 1366.7369 1595.8453 2260.2581 2209.0449 252.4668 654.0887 880.813 885.8478 880.813 683.9968 239.4491 2843.9327 2049.9394 2202.0816 342.3746 249.053 495.461 540.7467 1066.0989 1087.0398
1328.8668 397.9402 1770.6286 1186.0733 2277.3344 673.5491 1825.8768 2024.7982 2277.6946 149.5725 254.3113 119.0818 0 86.6042 2676.9694 2432.0984 1908.0586 377.9073 2365.4723 1165.5487 123.3417 1631.4883 1692.0017 1371.4258 2522.7395 2307.2006 1639.2534 2382.4686 192.1168 2434.1604 2703.396 2264.5206 1560.6917 785.4572 746.9268 682.007 898.4764 1425.8438 849.5338 1130.269 1096.3337 991.6433 1139.0377 133.6922 1056.6717 1008.6227 430.345 863.9977 293.3217 516.4245 1359.383 1716.8163 2365.5318 1525.6674 2276.7557 2563.265 2414.5171 1003.0346 2435.4632 832.9214 1397.6549 1083.4312 2603.6917 2473.7033 2176.4073 2227.7774 2227.7774 1274.6377 1503.7462 2301.5606 2250.3474 371.5486 773.1705 999.8949 1004.9296 999.8949 789.8714 142.2302 2765.047 1971.2652 2123.4396 250.2755 148.761 398.2421 462.1047 973.9997 994.9406
1415.4396 335.0848 1857.2328 1241.0078 2363.9386 586.9449 1912.481 2111.4024 2364.2988 236.1767 309.2458 174.0163 86.6042 0 2763.5736 2518.7026 1994.6628 464.5115 2452.0765 1078.9445 209.9459 1718.0925 1778.6059 1458.03 2609.3437 2393.8048 1576.3981 2469.0728 278.721 2520.7646 2790.0001 2351.1248 1615.6263 698.853 801.8613 736.9415 835.621 1362.9884 936.138 1067.4137 1182.9379 928.7879 1076.1823 125.1712 1143.2759 1095.2269 367.4896 950.6019 348.2562 429.8203 1414.3175 1799.3913 2452.136 1612.2716 2363.3599 2649.8692 2501.1212 1089.6388 2522.0673 746.3172 1334.7995 1138.3657 2690.2959 2560.3075 2263.0115 2314.3816 2314.3816 1211.7824 1440.8909 2388.1648 2336.9516 426.4832 828.105 1054.8294 1059.8641 1054.8294 858.0131 228.8344 2851.6512 2057.8694 2210.0438 187.4202 235.3652 484.8463 548.7089 911.1444 932.0853
1394.2436 2818.6376 1860.9646 1557.931 1295.2216 2594.8779 958.9757 799.8601 578.5991 2622.9644 2541.0366 2624.9224 2676.9694 2763.5736 0 924.9423 1371.6475 2740.8606 810.0275 3488.8578 2634.244 1578.0108 1556.1603 1765.4151 154.2299 369.7688 3942.4915 295.9859 2584.6258 258.0738 172.982 565.3784 1249.3866 3111.7141 1997.0774 2093.1415 3430.0535 3960.0125 2408.6555 3673.3125 2413.7501 3534.6868 3709.8029 2690.2044 2448.1916 2449.0712 2938.3292 1812.9717 2452.6349 2870.9605 1722.7044 1183.7161 459.1266 2292.9598 1211.0199 857.1807 942.5237 1709.4473 295.8194 2769.5147 3894.6924 1753.3545 73.2777 297.6167 1307.5586 1117.5083 1117.5083 3806.2149 4035.3233 493.468 531.7786 2658.2739 2260.8521 2071.9419 1849.7968 2071.9419 2028.3407 2534.7392 1480.8227 1290.8745 1034.5334 2819.6784 2733.523 2619.3942 2328.0318 3558.7617 3547.7222
1401.8855 2389.8132 1052.1424 1834.2932 435.6723 3023.1214 1185.8773 467.2103 653.4014 2378.1256 2605.6563 2510.7726 2432.0984 2518.7026 924.9423 0 541.6062 2312.0362 114.9149 3489.6004 2404.3564 835.0465 740.0967 1091.4696 770.7124 562.3797 3944.2234 636.2848 2339.787 714.0552 951.3689 431.3164 1677.6302 3118.9877 2149.0267 2245.0908 3001.2291 3591.5257 1917.419 3244.4881 1752.2333 3105.8624 3280.9785 2558.5326 1791.8953 1957.8293 2509.5048 1568.1329 2469.0689 2892.0508 2149.387 1427.791 465.8157 1484.1376 286.0775 207.9345 17.5813 1506.0713 1220.7617 3192.7612 3702.6249 2180.0371 851.6646 753.5981 448.0952 414.4054 414.4054 3377.3905 3606.4989 438.6804 530.0454 2722.8936 2479.383 2498.3797 2265.1432 2498.3797 2006.0582 2289.9004 753.8263 460.8332 483.4316 2390.854 2488.652 2190.5698 2083.193 3278.9697 3299.9106
943.9148 1865.7734 511.8051 1374.5481 369.2757 2531.8022 755.6011 571.7873 978.1612 1854.2974 2104.0697 1986.9443 1908.0586 1994.6628 1371.6475 541.6062 0 1787.9964 656.5211 2965.5606 1880.5281 312.1252 217.1754 568.5483 1217.4176 1005.2983 3420.1837 1079.2034 1815.9588 1134.627 1398.0741 811.5097 1219.6595 2594.9479 1687.7522 1783.8164 2477.1894 3067.4859 1381.9804 2720.4484 1214.5857 2581.8226 2756.9388 2034.4928 1254.2476 1422.3908 1985.4651 1044.3047 1977.7387 2390.4643 1691.4163 969.8203 912.5209 943.8003 368.697 655.2064 524.0249 982.243 1364.4455 2691.1746 3178.5851 1722.0663 1298.3698 1174.1699 268.3487 362.2037 362.2037 2853.3507 3082.4592 881.5991 888.8992 2221.307 1994.0737 2037.1053 1803.8688 2037.1053 1482.23 1766.0722 931.0459 80.773 337.1141 1866.8143 1964.6123 1666.5301 1559.3648 2754.93 2775.8709
1392.758 183.8469 1459.5584 1425.2921 2157.2722 1019.9841 1889.768 2088.6894 2341.5858 342.4793 592.2516 475.1262 377.9073 464.5115 2740.8606 2312.0362 1787.9964 0 2426.9511 1430.2579 368.71 1542.1338 1571.9395 1319.0706 2586.6307 2371.0918 1884.881 2446.3598 380.8241 2498.0516 2767.2872 2328.4118 1799.9105 1059.6452 994.046 929.1262 818.5868 1427.7813 471.6264 1064.7533 718.4263 926.1276 1117.2342 504.3415 678.7644 630.7154 284.1225 992.379 552.2715 869.3154 1606.5022 1780.7075 2429.423 1147.76 2156.6935 2443.2028 2294.4549 1066.9258 2499.3544 1179.3565 1643.2824 1330.5503 2667.5829 2537.5945 2056.3452 2132.6337 2132.6337 1099.0675 1324.8595 2365.4518 2314.2386 709.4889 1028.7364 1247.014 1252.0488 1247.014 984.1724 330.9375 2453.9768 1851.203 2107.5441 331.5115 434.461 300.2714 646.6292 1219.6273 1240.5682
1300.7564 2504.728 1167.0572 1733.164 550.5872 2921.9923 1084.7482 358.7244 538.4865 2311.4673 2504.5271 2444.1143 2365.4723 2452.0765 810.0275 114.9149 656.5211 2426.9511 0 3448.5135 2337.6981 949.9614 855.0116 1206.3845 655.7976 447.4648 3912.5184 521.3699 2273.1287 599.1403 836.454 316.4016 1576.5011 3071.3699 2047.8975 2143.9616 3116.144 3699.1087 2032.3338 3359.403 1867.1482 3220.7772 3395.8934 2491.9065 1906.8101 2072.7442 2624.4197 1501.4746 2367.9397 2790.9217 2048.2578 1326.6619 350.9009 1599.0524 400.9924 322.8494 132.4962 1424.4791 1105.8469 3091.632 3670.9198 2078.9079 736.7498 638.6832 563.0101 465.2773 465.2773 3492.3054 3721.4138 323.7656 417.8971 2621.7645 2378.2539 2397.2506 2164.014 2397.2506 1936.0608 2223.2422 868.7412 575.748 382.3024 2505.7689 2422.026 2305.4847 2016.5347 3247.2646 3268.2056
2147.7572 1246.411 2828.1306 1930.9268 3334.8364 1039.8613 2684.5649 3107.2493 3141.5186 1193.7587 992.4289 1063.6325 1165.5487 1078.9445 3488.8578 3489.6004 2965.5606 1430.2579 3448.5135 0 1167.528 2719.698 2749.5037 2463.8488 3386.5635 3171.0246 567.7631 3247.5 1284.5398 3297.9845 3567.22 3189.0211 2305.5453 392.3141 1491.7803 1426.8605 749.6877 597.3638 1880.6013 613.9085 2127.4012 642.6635 427.0453 1128.9146 2087.7393 2039.6902 1208.729 1956.4207 1080.5738 658.9243 2104.2366 2489.3103 3427.087 2556.7349 3334.2577 3620.767 3472.0191 2095.4576 3255.1306 865.3798 532.0437 1828.2847 3467.5157 3337.5274 3233.9093 3310.1979 3310.1979 790.061 810.59 3166.592 3115.3788 1106.8847 1518.024 1744.7484 1749.7832 1744.7484 1590.3307 1234.6532 3822.549 3028.7672 3206.4808 1122.1078 1241.184 1455.7441 1500.9289 210.6307 189.6897
1247.1104 424.3955 1743.0981 1076.313 2249.8039 651.2741 1783.9182 1997.024 2240.8718 26.2307 223.5416 106.4162 123.3417 209.9459 2634.244 2404.3564 1880.5281 368.71 2337.6981 1167.528 0 1603.714 1664.2597 1343.6516 2485.9167 2270.3778 1701.6429 2346.8533 182.9195 2397.3377 2666.5732 2236.7464 1450.9315 790.3843 637.1665 572.2467 981.4443 1508.8117 840.3365 1213.2369 1087.1364 1074.6111 1222.0056 188.3039 1047.4744 999.4254 513.3128 836.2235 183.5614 509.9361 1249.6227 1634.6965 2337.7576 1516.4701 2249.2252 2535.7345 2386.775 975.2604 2393.5046 810.6465 1480.6227 973.6709 2566.869 2436.8806 2148.8768 2200.0031 2200.0031 1357.6056 1586.7141 2265.9453 2214.7321 340.7789 663.4102 890.1346 895.1694 890.1346 666.5297 133.0329 2737.5165 1943.5232 2095.6654 333.2434 231.7289 389.0448 434.3305 1056.9676 1077.9085
648.1762 1619.9108 282.9538 1080.5839 681.401 2254.9882 783.1421 790.4304 1178.736 1577.4833 1827.2556 1710.1302 1631.4883 1718.0925 1578.0108 835.0465 312.1252 1542.1338 949.9614 2719.698 1603.714 0 94.9498 321.5672 1423.7809 1208.242 3174.3211 1282.3489 1539.1447 1335.2019 1604.4374 1030.1528 923.9209 2348.3186 1395.3174 1491.3815 2231.3268 2821.6233 1147.5166 2474.5858 982.3309 2335.96 2511.0762 1757.9225 1021.9929 1187.927 1739.6024 767.4906 1700.9246 2113.6502 1395.6777 674.0817 1131.164 714.949 680.8223 967.3316 817.4652 703.1366 1392.7285 2414.3605 2932.7225 1426.3278 1504.7331 1374.7448 580.4739 655.6441 655.6441 2607.4881 2836.5966 1100.2422 1107.5423 1944.4929 1717.2596 1744.6704 1511.4339 1744.6704 1205.4159 1489.2581 1207.6243 374.2134 630.5544 1620.9516 1688.0419 1420.6675 1282.5507 2509.0674 2530.0083
743.126 1649.7165 312.0456 1158.2796 586.4511 2315.5338 839.3705 756.3002 1158.2236 1638.0289 1887.8012 1770.6759 1692.0017 1778.6059 1556.1603 740.0967 217.1754 1571.9395 855.0116 2749.5037 1664.2597 94.9498 0 351.3729 1401.9304 1187.7296 3204.1267 1261.8365 1599.6903 1314.6894 1582.5869 996.0226 1018.8707 2378.891 1471.4838 1567.5479 2261.1324 2851.4289 1177.3222 2504.3914 1012.1366 2365.7657 2540.8818 1818.4359 1051.7985 1217.7326 1769.4081 828.0362 1761.4703 2174.1958 1490.6275 769.0316 1097.0337 744.0408 585.8724 872.3818 722.5154 765.9745 1448.2148 2474.9062 2962.5281 1521.2776 1482.8826 1354.2324 485.5241 560.6942 560.6942 2637.2938 2866.4022 1066.1119 1073.412 2005.0386 1777.8052 1820.8368 1587.6003 1820.8368 1265.9615 1549.8037 1148.2213 279.2635 535.6046 1650.7573 1748.5553 1450.4731 1343.0963 2538.873 2559.8139
475.8805 1396.8476 476.8597 837.6715 937.824 1994.9257 931.3779 977.8348 1366.1403 1317.4208 1567.1931 1450.0678 1371.4258 1458.03 1765.4151 1091.4696 568.5483 1319.0706 1206.3845 2463.8488 1343.6516 321.5672 351.3729 0 1611.1852 1395.6463 2918.4718 1469.7532 1279.0822 1522.6062 1791.8417 1217.5571 898.0524 2088.2561 1150.8757 1246.9398 2008.2636 2598.5601 924.4534 2251.5226 759.2677 2112.8968 2288.013 1497.86 798.9297 964.8638 1516.5392 507.4281 1440.8622 1853.5877 1190.3091 822.3174 1318.5683 648.2237 937.2453 1223.7547 1073.8883 445.3664 1540.9643 2154.2981 2676.8732 1220.9591 1692.1374 1562.1491 836.897 912.0671 912.0671 2384.4249 2613.5334 1287.6465 1294.9466 1684.4305 1457.1971 1500.2287 1266.9922 1500.2287 945.3534 1229.1956 1463.7254 630.6364 886.9775 1397.8885 1427.9794 1197.6043 1022.4882 2253.2181 2274.159
1240.0137 2664.4077 1706.7347 1661.329 1140.9917 2749.1078 1007.5367 645.6302 424.3691 2468.7345 2442.5771 2480.2296 2522.7395 2609.3437 154.2299 770.7124 1217.4176 2586.6307 655.7976 3386.5635 2485.9167 1423.7809 1401.9304 1611.1852 0 215.5389 3920.6784 141.756 2430.3959 103.8439 180.6565 411.1485 1403.6165 3009.4198 1976.0625 2072.1266 3275.8236 3826.6446 2254.4256 3519.0826 2259.5202 3380.4569 3555.573 2545.5116 2293.9617 2294.8413 2784.0993 1658.7418 2305.9897 2728.9716 1876.9343 1253.6878 304.8967 2138.7299 1056.7899 702.9508 788.2938 1555.2174 450.0493 2923.7446 3761.3245 1907.5844 80.9522 143.3868 1153.3287 963.2784 963.2784 3651.985 3881.0934 339.2381 377.5487 2559.8144 2316.3038 2226.1718 2004.0267 2226.1718 1874.1108 2380.5093 1326.5928 1136.6446 880.3035 2665.4485 2579.2931 2465.1643 2173.8019 3404.5318 3414.3543
1024.4748 2448.8688 1491.1958 1445.7901 928.8724 2633.4793 791.9978 433.511 208.8302 2253.1956 2227.0382 2264.6907 2307.2006 2393.8048 369.7688 562.3797 1005.2983 2371.0918 447.4648 3171.0246 2270.3778 1208.242 1187.7296 1395.6463 215.5389 0 3705.1395 86.8646 2214.857 262.6691 396.1954 195.6096 1287.988 2793.8809 1760.5236 1856.5877 3060.2847 3611.1057 2038.8867 3303.5437 2043.9813 3164.918 3340.0341 2329.9727 2078.4228 2079.3024 2568.5604 1443.2029 2090.4508 2513.4327 1759.7448 1038.1489 266.4786 1923.191 848.4572 664.5327 579.961 1339.6785 665.5882 2808.1161 3545.7856 1790.3949 296.4911 302.2121 941.2094 751.1592 751.1592 3436.4461 3665.5545 123.6992 162.0098 2344.2755 2100.7649 2109.8766 1876.6401 2109.8766 1658.5719 2164.9704 1288.1746 924.5253 668.1842 2449.9096 2363.7542 2249.6254 1958.263 3188.9929 3198.8154
2681.8721 1701.0341 3282.7537 2465.0417 3789.4594 1347.6137 3218.6798 3571.8443 3675.6335 1700.818 1526.5438 1597.7474 1639.2534 1576.3981 3942.4915 3944.2234 3420.1837 1884.881 3912.5184 567.7631 1701.6429 3174.3211 3204.1267 2918.4718 3920.6784 3705.1395 0 3781.6149 1739.1628 3832.0993 4101.3349 3723.1359 2693.1049 931.9686 2025.8952 1960.9754 1179.0142 728.792 2335.2244 942.3236 2582.0243 1071.9899 856.3718 1663.0294 2542.3623 2494.3133 1663.352 2411.0437 1614.6887 1195.8011 2474.351 2942.9441 3912.5779 3011.358 3788.8807 4075.3901 3926.6421 2550.0806 3708.7644 1173.1322 241.5986 2199.0555 4001.6306 3871.6422 3688.5324 3764.821 3764.821 1072.1517 964.5043 3700.7069 3649.4937 1473.8755 1909.6975 2082.9813 2131.1947 2082.9813 2124.4456 1689.2762 4277.172 3483.3903 3670.4857 1576.7309 1695.8071 1910.3671 2009.1508 665.2537 686.1947
1099.7429 2524.1368 1565.3027 1532.1506 1002.7776 2719.9985 878.5171 507.4161 295.6289 2328.4637 2303.5136 2341.1661 2382.4686 2469.0728 295.9859 636.2848 1079.2034 2446.3598 521.3699 3247.5 2346.8533 1282.3489 1261.8365 1469.7532 141.756 86.8646 3781.6149 0 2290.1251 245.5999 322.4124 269.5147 1374.5073 2870.3564 1846.884 1942.9481 3135.5528 3687.5812 2114.1548 3378.8118 2119.2493 3240.186 3415.3021 2406.4481 2153.6908 2154.5705 2643.8284 1518.4709 2166.9262 2589.9082 1846.2641 1124.6681 192.5529 1997.2979 922.3623 590.607 653.8661 1414.9466 591.8053 2890.6186 3622.261 1876.9141 222.7082 285.1428 1015.1146 825.0643 825.0643 3511.7141 3740.8226 197.6044 235.9149 2420.751 2177.2404 2196.2371 1963.0005 2196.2371 1735.0473 2240.2385 1214.2489 998.4304 742.0894 2525.1776 2439.0223 2324.8935 2033.531 3264.261 3275.2908
1236.5232 436.5096 1678.5288 1156.3244 2185.2345 834.1936 1733.5332 1932.4547 2185.351 156.6887 406.461 289.3357 192.1168 278.721 2584.6258 2339.787 1815.9588 380.8241 2273.1287 1284.5398 182.9195 1539.1447 1599.6903 1279.0822 2430.3959 2214.857 1739.1628 2290.1251 0 2341.8169 2611.0524 2172.1771 1530.9429 908.9471 717.1779 652.2581 998.3858 1525.7532 816.0655 1230.1784 1062.8654 1091.5526 1238.9471 318.551 1023.2034 979.5453 530.2543 771.6541 366.4809 683.5249 1329.6342 1624.4728 2273.1882 1496.59 2184.6558 2471.1652 2322.2057 910.691 2343.1196 993.566 1497.5642 1053.6823 2511.3481 2381.3598 2084.3075 2135.4338 2135.4338 1374.5471 1603.6556 2209.2171 2158.0038 523.6984 751.8684 970.146 975.1808 970.146 707.3044 49.8866 2672.9471 1878.9538 2031.0961 350.1849 248.6704 401.1589 369.7612 1073.9091 1094.85
1151.4347 2575.8286 1618.1556 1572.75 1058.2012 2760.4391 918.9577 577.3093 335.7901 2380.1555 2353.9981 2391.6505 2434.1604 2520.7646 258.0738 714.0552 1134.627 2498.0516 599.1403 3297.9845 2397.3377 1335.2019 1314.6894 1522.6062 103.8439 262.6691 3832.0993 245.5999 2341.8169 0 284.5004 347.2851 1414.9479 2920.8408 1887.4834 1983.5475 3187.2446 3738.0656 2165.8466 3430.5036 2170.9411 3291.8778 3466.994 2456.9325 2205.3826 2206.2623 2695.5202 1570.1627 2217.4106 2640.3926 1886.7047 1165.1087 408.7406 2050.1509 1000.1327 806.7948 731.6365 1466.6384 553.8933 2935.0759 3672.7454 1917.3548 184.7961 39.5429 1070.5382 880.4879 880.4879 3563.4059 3792.5144 275.3748 289.1199 2471.2354 2227.7248 2236.8365 2003.5999 2236.8365 1785.5317 2291.9303 1430.4367 1053.854 797.5129 2576.8695 2490.7141 2376.5853 2085.2228 3315.9528 3325.7753
1420.6702 2845.0641 1887.3912 1730.9129 1321.6482 2767.8598 1131.9577 826.2867 605.0256 2649.391 2623.2336 2660.886 2703.396 2790.0001 172.982 951.3689 1398.0741 2767.2872 836.454 3567.22 2666.5732 1604.4374 1582.5869 1791.8417 180.6565 396.1954 4101.3349 322.4124 2611.0524 284.5004 0 591.8049 1422.3686 3190.0763 2156.719 2252.7831 3456.4801 4007.3011 2435.0821 3699.7391 2440.1766 3561.1133 3736.2295 2726.1681 2474.6182 2475.4978 2964.7558 1839.3983 2486.6462 2909.6281 1895.6864 1356.698 485.5532 2319.3864 1237.4464 883.6073 968.9502 1735.8739 468.8014 2942.4967 3941.981 1926.3364 99.7043 324.0433 1333.9852 1143.9349 1143.9349 3832.6414 4061.7499 519.8946 558.2052 2740.4709 2433.834 2244.9239 2022.7788 2244.9239 2054.7673 2561.1658 1507.2492 1317.301 1060.96 2846.105 2759.9496 2645.8208 2354.4584 3585.1883 3595.0108
1041.2639 2406.1888 1308.0682 1473.6716 735.0839 2661.5195 820.0381 239.7224 286.6313 2210.5157 2245.0347 2282.6871 2264.5206 2351.1248 565.3784 431.3164 811.5097 2328.4118 316.4016 3189.0211 2236.7464 1030.1528 996.0226 1217.5571 411.1485 195.6096 3723.1359 269.5147 2172.1771 347.2851 591.8049 0 1316.0283 2811.8774 1788.4051 1884.4692 3017.6048 3598.157 1996.2068 3260.8638 1971.6386 3122.238 3297.3542 2347.9691 2011.3006 2036.6225 2525.8804 1400.5229 2108.4473 2531.4292 1787.7851 1066.1891 264.0869 1740.0634 717.394 639.2509 448.8978 1323.5274 861.1978 2832.1396 3563.7821 1818.4352 492.1007 386.828 747.4209 557.3706 557.3706 3393.7661 3622.8746 71.9103 102.5647 2362.272 2118.7614 2137.7581 1904.5216 2137.7581 1676.5684 2122.2905 1185.1427 730.7367 474.3957 2407.2296 2321.0743 2206.9455 1915.583 3146.313 3167.2539
442.5313 1867.6793 1206.8747 374.6185 1588.9352 1345.4912 533.3675 1234.2565 1258.482 1477.1622 1357.7241 1441.6099 1560.6917 1615.6263 1249.3866 1677.6302 1219.6595 1799.9105 1576.5011 2305.5453 1450.9315 923.9209 1018.8707 898.0524 1403.6165 1287.988 2693.1049 1374.5073 1530.9429 1414.9479 1422.3686 1316.0283 0 1928.4016 813.7649 909.8291 2356.5156 2776.7 1467.7055 2577.3954 1487.8193 2438.7697 2545.9071 1506.8919 1507.2416 1508.1212 1956.7244 887.041 1269.3224 1687.648 481.5057 249.8392 1554.0942 1546.2761 1588.3565 1874.8659 1695.2115 766.9235 1015.6595 1520.128 2711.3799 512.0165 1322.6643 1454.4908 1488.0082 1438.8061 1438.8061 2732.6769 2961.7854 1293.5993 1242.3861 1421.3058 1011.4654 822.5552 608.4589 822.5552 907.0221 1481.0563 2131.5452 1281.6844 1334.4684 1776.6549 1679.8401 1678.4442 1231.9764 2380.8691 2364.4097
1770.6135 875.7983 2457.5179 1553.7832 2964.2237 755.6517 2307.4213 2730.1056 2764.3749 816.6151 615.2852 686.4889 785.4572 698.853 3111.7141 3118.9877 2594.9479 1059.6452 3071.3699 392.3141 790.3843 2348.3186 2378.891 2088.2561 3009.4198 2793.8809 931.9686 2870.3564 908.9471 2920.8408 3190.0763 2811.8774 1928.4016 0 1114.6367 1049.7169 559.6061 848.688 1509.9886 664.9973 1756.7885 526.3715 620.3625 751.7709 1717.1266 1669.0775 838.1163 1580.828 703.4302 281.2398 1727.0929 2112.1667 3049.9433 2186.1222 2963.645 3250.1543 3101.4064 1719.8649 2877.987 588.5734 783.3679 1451.1411 3090.372 2960.3837 2863.2967 2933.6749 2933.6749 838.8108 1061.9143 2789.4484 2738.2352 729.7411 1140.8804 1367.6048 1372.6395 1367.6048 1213.1871 859.0605 3451.9363 2658.1545 2829.3372 746.5152 865.5913 1085.1314 1123.7853 455.3245 438.8651
747.3393 1053.9144 1550.3222 439.1465 2057.028 965.2622 1274.0639 1706.6333 1731.0176 663.3973 543.9592 627.845 746.9268 801.8613 1997.0774 2149.0267 1687.7522 994.046 2047.8975 1491.7803 637.1665 1395.3174 1471.4838 1150.8757 1976.0625 1760.5236 2025.8952 1846.884 717.1779 1887.4834 2156.719 1788.4051 813.7649 1114.6367 0 96.0641 1542.7506 1962.9351 988.8163 1763.6305 1081.3306 1625.0047 1732.1422 693.127 1041.6686 1042.5483 1142.9594 646.4464 455.5575 873.883 699.8881 997.53 2026.471 1430.9378 2056.4493 2342.9586 2166.608 705.5092 1763.3503 1131.0641 1897.6149 423.9363 2057.0147 1927.0263 1956.101 1910.2026 1910.2026 1918.912 2148.0204 1765.976 1714.7628 661.1965 410.2273 369.7602 374.7949 369.7602 435.4836 667.2914 2544.7406 1750.7473 1805.8648 962.89 866.0752 872.5796 418.2115 1567.1042 1550.6447
843.4034 988.9946 1646.3863 535.2106 2153.0921 900.3424 1370.128 1802.6974 1827.0817 598.4775 479.0394 562.9252 682.007 736.9415 2093.1415 2245.0908 1783.8164 929.1262 2143.9616 1426.8605 572.2467 1491.3815 1567.5479 1246.9398 2072.1266 1856.5877 1960.9754 1942.9481 652.2581 1983.5475 2252.7831 1884.4692 909.8291 1049.7169 96.0641 0 1477.8308 1898.0153 923.8965 1698.7107 1170.6964 1560.0849 1667.2224 628.2072 1131.0345 1091.1412 1078.0396 742.5105 390.6377 808.9632 724.1471 1093.5941 2122.5351 1527.0019 2152.5134 2439.0227 2262.6721 801.5734 1859.4144 1066.1443 1832.6951 448.1953 2153.0788 2023.0905 2052.1651 2006.2667 2006.2667 1853.9922 2083.1006 1862.0401 1810.8269 596.2767 345.3075 389.0974 394.1321 389.0974 388.5876 602.3716 2640.8047 1846.8114 1901.9289 897.9702 801.1554 807.6598 353.2917 1502.1844 1485.7249
2081.9509 671.7677 2194.2685 1981.8971 2846.4651 1246.0299 2578.9609 2777.8824 3030.7787 960.0409 1043.3992 990.5755 898.4764 835.621 3430.0535 3001.2291 2477.1894 818.5868 3116.144 749.6877 981.4443 2231.3268 2261.1324 2008.2636 3275.8236 3060.2847 1179.0142 3135.5528 998.3858 3187.2446 3456.4801 3017.6048 2356.5156 559.6061 1542.7506 1477.8308 0 622.8957 1206.3365 246.1666 1453.1364 107.5408 322.6424 938.4745 1413.4745 1365.4255 534.4642 1670.2667 1093.8804 670.8984 2155.2068 2469.9005 3118.616 1882.4702 2845.8864 3132.3958 2983.6478 1756.1187 3188.5473 1101.396 937.4156 1879.255 3356.7758 3226.7875 2745.5381 2821.8267 2821.8267 376.1613 605.2698 3054.6448 3003.4315 1157.855 1568.9943 1795.7187 1800.7535 1795.7187 1603.6373 948.4992 3188.6869 2540.396 2796.737 671.7938 955.03 967.3728 1268.3737 539.0571 559.998
2587.8383 1280.9623 2803.4631 2402.0816 3436.7616 1603.9501 3124.6461 3358.4346 3581.5997 1487.4083 1463.5836 1503.7137 1425.8438 1362.9884 3960.0125 3591.5257 3067.4859 1427.7813 3699.1087 597.3638 1508.8117 2821.6233 2851.4289 2598.5601 3826.6446 3611.1057 728.792 3687.5812 1525.7532 3738.0656 4007.3011 3598.157 2776.7 848.688 1962.9351 1898.0153 622.8957 0 1815.5311 376.7292 2062.331 515.3549 310.5471 1465.8419 2022.669 1974.62 1143.6588 2197.6341 1520.655 1097.673 2575.3913 2960.4651 3699.1682 2491.6647 3436.1829 3722.6923 3573.9443 2336.671 3726.2854 1431.8673 487.1934 2299.4395 3907.5968 3777.6085 3335.8346 3412.1232 3412.1232 500.2693 357.0962 3606.6732 3555.46 1578.0395 1989.1788 2215.9032 2220.9379 2215.9032 2030.4119 1475.8666 3797.8814 3130.6925 3387.0335 1262.0903 1482.3974 1557.6693 1795.7411 451.8441 472.785
1060.5529 655.4733 987.932 1093.087 1705.158 1491.6106 1557.5629 1756.4844 2009.3807 814.1057 1063.878 946.7527 849.5338 936.138 2408.6555 1917.419 1381.9804 471.6264 2032.3338 1880.6013 840.3365 1147.5166 1177.3222 924.4534 2254.4256 2038.8867 2335.2244 2114.1548 816.0655 2165.8466 2435.0821 1996.2068 1467.7055 1509.9886 988.8163 923.8965 1206.3365 1815.5311 0 1452.5031 246.7999 1313.8773 1504.9839 975.968 207.138 208.0176 671.8723 660.174 984.3739 1340.9419 1372.4481 1448.5025 2097.2179 697.0386 1750.6775 2037.1868 1899.8376 734.7207 2167.1493 1650.983 2093.6258 1096.4962 2335.3778 2205.3895 1650.3291 1738.0165 1738.0165 1486.8172 1712.6093 2033.2468 1982.0335 1181.1154 1023.5068 1241.7844 1118.2491 1241.7844 761.545 766.1789 1982.3503 1456.5858 1712.9268 803.138 906.0874 612.3549 570.6049 1669.9706 1690.9116
2325.2099 917.9343 2440.4351 2202.7769 3089.7241 1415.9975 2822.2199 3021.1414 3274.0377 1191.8335 1264.279 1222.3682 1130.269 1067.4137 3673.3125 3244.4881 2720.4484 1064.7533 3359.403 613.9085 1213.2369 2474.5858 2504.3914 2251.5226 3519.0826 3303.5437 942.3236 3378.8118 1230.1784 3430.5036 3699.7391 3260.8638 2577.3954 664.9973 1763.6305 1698.7107 246.1666 376.7292 1452.5031 0 1699.303 138.6258 186.8631 1170.2672 1659.641 1611.592 780.6308 1902.0593 1314.7602 891.7782 2376.0867 2713.1595 3361.875 2128.6367 3089.1454 3375.6548 3226.9068 1999.3777 3431.8063 1248.9192 700.725 2100.1349 3600.0348 3470.0465 2988.7971 3065.0857 3065.0857 193.4513 422.5598 3297.9038 3246.6906 1378.7349 1789.8742 2016.5985 2021.6333 2016.5985 1824.5171 1180.2918 3434.8534 2783.655 3039.996 915.0528 1186.8226 1210.6318 1500.1664 403.2778 424.2187
1065.6474 902.2732 741.1321 1132.1203 1458.3581 1738.4105 1562.6575 1731.9163 2014.4752 1060.9056 1310.6779 1193.5526 1096.3337 1182.9379 2413.7501 1752.2333 1214.5857 718.4263 1867.1482 2127.4012 1087.1364 982.3309 1012.1366 759.2677 2259.5202 2043.9813 2582.0243 2119.2493 1062.8654 2170.9411 2440.1766 1971.6386 1487.8193 1756.7885 1081.3306 1170.6964 1453.1364 2062.331 246.7999 1699.303 0 1560.6772 1751.7838 1222.7679 39.6619 273.2726 918.6722 678.44 1231.1738 1587.7418 1451.6461 1453.597 2072.6498 450.2387 1583.2827 1869.7921 1734.652 739.8153 2172.2438 1897.7829 2340.4257 1175.6943 2340.4724 2210.484 1482.9344 1572.8308 1572.8308 1733.6171 1959.4092 2038.3413 1987.1281 1427.9153 1270.3067 1430.6836 1197.4471 1430.6836 840.743 1012.9788 1735.5504 1291.4001 1547.7412 1049.9379 1152.8873 859.1548 817.4048 1916.7705 1937.7115
2186.5841 779.3085 2301.8093 2064.1512 2951.0984 1277.3717 2683.5942 2882.5156 3135.4119 1053.2078 1125.6532 1083.7424 991.6433 928.7879 3534.6868 3105.8624 2581.8226 926.1276 3220.7772 642.6635 1074.6111 2335.96 2365.7657 2112.8968 3380.4569 3164.918 1071.9899 3240.186 1091.5526 3291.8778 3561.1133 3122.238 2438.7697 526.3715 1625.0047 1560.0849 107.5408 515.3549 1313.8773 138.6258 1560.6772 0 215.6181 1031.6414 1521.0153 1472.9663 642.005 1763.4335 1176.1344 753.1525 2237.4609 2574.5337 3223.2492 1990.0109 2950.5197 3237.029 3088.281 1860.752 3293.1805 1110.2934 830.3913 1961.5091 3461.4091 3331.4207 2850.1713 2926.4599 2926.4599 332.0771 561.1855 3159.278 3108.0648 1240.1091 1651.2484 1877.9728 1883.0075 1877.9728 1685.8914 1041.666 3296.2277 2645.0292 2901.3703 776.427 1048.1969 1072.0061 1361.5406 432.0328 452.9737
2357.0454 970.4151 2492.9159 2171.2886 3126.2145 1373.1572 2858.7103 3057.6318 3310.5281 1200.6022 1232.7907 1231.1368 1139.0377 1076.1823 3709.8029 3280.9785 2756.9388 1117.2342 3395.8934 427.0453 1222.0056 2511.0762 2540.8818 2288.013 3555.573 3340.0341 856.3718 3415.3021 1238.9471 3466.994 3736.2295 3297.3542 2545.9071 620.3625 1732.1422 1667.2224 322.6424 310.5471 1504.9839 186.8631 1751.7838 215.6181 0 1179.0358 1712.1219 1664.0729 833.1116 1910.828 1289.862 866.8801 2344.5984 2729.6721 3398.3653 2181.1175 3125.6358 3412.1452 3263.3972 2035.8681 3468.2967 1206.0789 614.7732 2068.6465 3636.5252 3506.5369 3025.2875 3101.576 3101.576 380.3144 465.8216 3334.3942 3283.1809 1347.2465 1758.3859 1985.1102 1990.145 1985.1102 1799.619 1189.0605 3487.3343 2820.1453 3076.4864 951.5432 1195.5913 1247.1222 1508.935 216.4147 237.3556
1306.7053 437.9383 1897.0628 1132.2735 2403.7686 622.7301 1843.513 2151.2324 2300.4667 214.5347 200.5115 81.8877 133.6922 125.1712 2690.2044 2558.5326 2034.4928 504.3415 2491.9065 1128.9146 188.3039 1757.9225 1818.4359 1497.86 2545.5116 2329.9727 1663.0294 2406.4481 318.551 2456.9325 2726.1681 2347.9691 1506.8919 751.7709 693.127 628.2072 938.4745 1465.8419 975.968 1170.2672 1222.7679 1031.6414 1179.0358 0 1183.1059 1135.0569 470.3431 990.4319 239.5219 471.3227 1305.5832 1690.657 2491.966 1652.1016 2403.1899 2689.6992 2540.9512 1129.4688 2453.0994 782.1025 1437.653 1029.6314 2626.4638 2496.4754 2302.8415 2354.2116 2354.2116 1314.6359 1543.7444 2325.5401 2274.3269 317.7489 719.3707 946.0951 951.1298 946.0951 749.2788 268.6644 2891.4812 2097.6994 2249.8738 290.2736 275.1952 524.6763 588.5389 1013.9979 1034.9388
1100.089 862.6113 780.794 1132.6231 1498.0201 1698.7485 1597.099 1771.5782 2048.9168 1021.2437 1271.016 1153.8906 1056.6717 1143.2759 2448.1916 1791.8953 1254.2476 678.7644 1906.8101 2087.7393 1047.4744 1021.9929 1051.7985 798.9297 2293.9617 2078.4228 2542.3623 2153.6908 1023.2034 2205.3826 2474.6182 2011.3006 1507.2416 1717.1266 1041.6686 1131.0345 1413.4745 2022.669 207.138 1659.641 39.6619 1521.0153 1712.1219 1183.1059 0 233.6107 879.0103 699.7101 1191.5119 1548.0798 1411.9841 1488.0386 2112.3118 489.9007 1622.9447 1909.454 1774.3139 774.2568 2206.6854 1858.1209 2300.7637 1136.0323 2374.9139 2244.9255 1522.5964 1612.4928 1612.4928 1693.9552 1919.7473 2072.7828 2021.5696 1388.2533 1230.6448 1391.0217 1157.7851 1391.0217 801.0811 973.3168 1775.2124 1331.0621 1587.4031 1010.2759 1113.2253 819.4929 777.7428 1877.1086 1898.0495
1100.9686 814.5622 1014.4047 1133.5027 1731.6307 1650.6995 1597.9786 1796.9001 2049.7964 973.1946 1222.967 1105.8416 1008.6227 1095.2269 2449.0712 1957.8293 1422.3908 630.7154 2072.7442 2039.6902 999.4254 1187.927 1217.7326 964.8638 2294.8413 2079.3024 2494.3133 2154.5705 979.5453 2206.2623 2475.4978 2036.6225 1508.1212 1669.0775 1042.5483 1091.1412 1365.4255 1974.62 208.0176 1611.592 273.2726 1472.9663 1664.0729 1135.0569 233.6107 0 830.9612 700.5897 1147.8538 1500.0308 1412.8638 1488.9182 2137.6336 662.5518 1791.0878 2077.5972 1940.248 775.1364 2207.565 1810.0719 2252.7147 1136.9119 2375.7935 2245.8052 1690.7395 1778.4268 1778.4268 1645.9062 1871.6982 2073.6625 2022.4492 1340.2043 1190.7515 1391.9013 1158.6648 1391.9013 801.9607 929.6587 2008.823 1496.9961 1753.3372 962.2269 1065.1763 771.4438 748.6225 1829.0596 1850.0005
1590.2266 137.3035 1659.8043 1582.1059 2354.7408 886.2901 2087.2366 2286.1581 2539.0544 491.9095 650.344 522.4441 430.345 367.4896 2938.3292 2509.5048 1985.4651 284.1225 2624.4197 1208.729 513.3128 1739.6024 1769.4081 1516.5392 2784.0993 2568.5604 1663.352 2643.8284 530.2543 2695.5202 2964.7558 2525.8804 1956.7244 838.1163 1142.9594 1078.0396 534.4642 1143.6588 671.8723 780.6308 918.6722 642.005 833.1116 470.3431 879.0103 830.9612 0 1189.8477 689.3543 692.0602 1755.4156 1978.1762 2626.8916 1348.0059 2354.1621 2640.6714 2491.9235 1264.3944 2696.823 1045.6625 1421.7535 1479.4638 2865.0515 2735.0632 2253.8138 2330.1023 2330.1023 910.6256 1139.734 2562.9204 2511.7072 767.5813 1169.2031 1395.9275 1400.9623 1395.9275 1137.7855 480.3677 2654.2226 2048.6716 2305.0127 180.0695 486.8986 475.6485 800.2423 998.0983 1019.0392
464.8691 1070.156 906.8746 531.342 1413.5804 1487.4976 961.8791 1160.8006 1413.6969 809.9927 1059.765 942.6397 863.9977 950.6019 1812.9717 1568.1329 1044.3047 992.379 1501.4746 1956.4207 836.2235 767.4906 828.0362 507.4281 1658.7418 1443.2029 2411.0437 1518.4709 771.6541 1570.1627 1839.3983 1400.5229 887.041 1580.828 646.4464 742.5105 1670.2667 2197.6341 660.174 1902.0593 678.44 1763.4335 1910.828 990.4319 699.7101 700.5897 1189.8477 0 933.4341 1346.1596 883.9795 852.8187 1501.5341 827.6916 1413.0017 1699.5111 1550.5516 139.0369 1571.4655 1646.87 2169.4451 732.8072 1739.694 1609.7057 1312.6534 1363.7797 1363.7797 2046.428 2275.5365 1437.5629 1386.3497 1177.0024 949.769 995.7994 762.5629 995.7994 437.9253 721.7675 1901.293 1107.2997 1259.4419 1022.0658 920.5513 870.9127 515.0601 1745.79 1766.7309
